personId
2199023259200
19791209303491
4398046514593
4398046513018
6597069767242
19791209302403
26388279070362
13194139535025
2194
2199023256816
30786325579845
32985348834375
10995116280854
8796093025074
2783
24189255811663
17592186046293
28587302322537
24189255811566
30786325578585
24189255814889
26388279067534
21990232558990
8796093023907
30786325581208
15393162790796
13194139535632
4398046512826
26388279068863
8796093025406
17592186044994
19791209303550
10995116280436
17592186048248
17592186048261
