personId
2199023276502
9116
22140
2199023275019
2199023259200
21359
2194
4398046513018
4398046519372
4398046514593
6597069780295
4398046526403
4398046526010
6597069773262
2199023277823
4398046526800
17158
2199023256816
6597069792573
2199023276945
6597069786683
4398046522911
6597069779988
4398046533259
4139
6597069777302
2608
8796093036341
8796093029002
10995116300212
8599
10995116303740
8796093035532
6597069791517
7725
8796093025074
6597069782275
8796093029854
6597069789305
4398046524530
2199023259756
2199023271926
4398046524737
2199023269673
8796093048807
2783
6597069771199
8796093029267
15393162799074
13194139535632
15393162813639
8796093037807
8796093047080
10995116283243
4398046520894
8796093037796
4398046527381
4398046529072
4534
13237
15393162795439
19791209302403
4398046520887
4555
13194139543218
6597069767242
10995116285387
6597069787890
26013
10995116303367
6597069771886
6597069781953
6597069786351
17592186059779
15393162790796
4398046534693
15393162812457
15393162815571
6597069791946
8796093030527
6597069779470
15393162810516
4398046525585
17592186052272
13194139535025
4398046534165
2199023262543
19791209315042
10995116297144
17592186052552
4398046522644
6597069779568
4398046512826
13194139552439
10995116284808
2199023281104
17592186046293
8796093030364
19791209318913
13194139544328
6597069784052
13194139545138
17592186067694
17592186062632
4398046533043
2199023275119
18639
13194139537478
21990232560132
17592186054401
13194139540684
13194139550089
3705
5274
17592186052746
4398046524886
6597069793185
21990232567659
6597069774643
17229
13194139553732
9401
19791209319257
3627
2199023269590
19791209316161
4398046536994
8796093037558
10995116298300
21160
6597069777107
6597069782186
8796093023907
2199023269684
21081
2199023265887
22253
4398046515585
6287
6597069779821
13194139546996
2199023270081
10169
2199023280519
15473
2199023273274
21990232569594
4398046518932
8796093038155
13194139555406
1274
2199023263556
20488
2199023261462
4273
8081
21368
4398046527192
2199023277106
21643
2199023257206
4398046513186
9598
15393162807159
22121
2199023267325
2199023279811
4688
11809
2199023257255
4398046518969
4848
2199023272023
2199023280858
2199023264648
24189255811566
6597069793636
1161
4398046520748
21347
13194139550858
2199023263541
4398046534296
2199023274226
2199023264045
16519
5113
1564
20856
2199023274309
4398046515904
16327
15393162796861
6597069777240
2199023280225
2199023273687
24479
17592186068223
15135
4398046532953
6597069786254
23401
2199023272370
6597069792213
13194139550033
8796093029365
24189255835880
2199023262614
2199023274178
4398046515753
4398046517791
14491
459
23127
2199023267241
6597069776247
4398046527594
10995116280854
24189255817517
2199023272455
24909
5256
9332
2199023261912
4398046518993
6597069776731
19791209304023
4398046531818
15393162798801
9616
24189255822332
2199023267197
987
10550
17786
14122
1355
6597069779119
19710
15293
6597069786191
2199023280740
19058
