personId
32985348847472
21990232571921
2199023273892
32985348852748
24189255830915
24189255831030
19791209320679
17592186065302
32985348855171
30786325600270
19791209322827
32985348857194
13194139558103
4398046528579
2199023256280
21341
1184
2199023256310
8796093022946
2199023259975
4398046532911
10995116282255
2199023267818
13194139545755
15393162789760
13194139540669
13194139557092
13194139537991
8796093031046
10995116295307
21990232557507
17592186061427
19791209310768
17592186045679
19791209308114
19791209319279
17592186060666
28587302326003
24189255833937
28587302338457
32985348840167
4398046521775
10995116290429
6597069791627
10995116285266
12028
13194139551883
19791209308102
2199023277026
2199023261834
32985348844077
17592186057225
13194139546176
2199023273188
13194139554693
30786325601092
2199023280352
2199023280931
32985348840430
8865
10995116288051
13417
15393162804325
8796093040217
8796093041714
22587
4398046512759
21990232558882
32985348837345
28587302327367
35184372097200
32985348841881
32985348842139
35184372098142
32985348842795
32985348846549
28587302336379
24189255825447
32985348847731
17592186062462
35184372108051
20125
24189255831780
32985348858664
28587302347745
20740
7472
4398046530034
6597069767575
6878
8953
5731
2199023279606
3585
8796093044034
2199023263897
6597069786588
10995116298374
10995116294628
4398046518814
2199023277644
4398046534917
8796093022665
13194139547252
15393162793482
13194139546909
15393162794322
13194139542697
15393162791083
10995116278525
19791209311312
17592186058821
24189255823020
21990232581060
24189255816169
19791209323774
24189255827848
24189255823452
21990232580834
26388279076531
32985348858601
30786325603300
17592186063109
8796093046314
6597069779412
13194139553179
10995116278396
28587302325579
26388279070744
4758
2199023262967
2199023263129
2199023274136
15393162812578
6597069766964
13194139533757
24189255813664
2199023260125
10995116286155
17592186058887
30786325594051
2199023276434
26799
32985348835004
10995116282466
8796093028501
32985348842287
15393162798434
13194139545242
32985348847305
8796093036447
17592186059702
26388279083938
10995116297473
21990232576209
32985348854211
8796093043452
32985348854670
32985348856413
30786325601395
32985348859175
30786325603890
21176
2199023266374
2199023263166
2199023267179
6597069783637
2199023260896
21577
6597069791862
5248
4398046522253
6597069772901
2186
4398046524533
8796093025105
4398046523533
6597069772855
10995116294655
4398046515955
6597069770753
13194139552920
8796093035316
6597069791233
10995116279978
10995116281407
8796093044996
15393162802890
15393162812518
19791209317883
17592186060409
19791209316089
17592186052189
24189255813469
24189255827374
21990232574505
24189255832808
30786325592110
28587302325760
28587302343010
32985348842511
35184372097902
4398046527807
8796093049124
19791209303197
8796093027702
24189255823894
21990232574410
1845
30786325588529
21552
2199023278580
2199023255949
6597069767620
30786325581562
17255
24064
6597069792731
32985348834407
2030
6597069768989
35184372092707
21990232561081
32985348839985
24189255819499
13194139542018
8796093031367
35184372098033
26388279077855
19791209311239
28587302334494
35184372103211
2199023271135
32985348849905
35184372105889
35184372105933
32985348850838
32985348851092
32985348852099
28587302342845
24189255833311
21990232579708
17592186070019
